image: fast_sharp_cartographer.pgm
resolution: 0.010000
origin: [-4.495186, -2.500509, 0.000000]
negate: 0
occupied_thresh: 0.65
free_thresh: 0.196

