image: fast_smooth_cartographer.pgm
resolution: 0.010000
origin: [-5.037983, -2.073914, 0.000000]
negate: 0
occupied_thresh: 0.65
free_thresh: 0.196

