image: no_loop_closure_cartographer.pgm
resolution: 0.010000
origin: [-4.489944, -1.698608, 0.000000]
negate: 0
occupied_thresh: 0.65
free_thresh: 0.196

